SIMPLE = T
BITPIX = -64
NAXIS = 2
NAXIS1 = 4801
NAXIS2 = 4800
CTYPE1 = 'RA---TAN'
CTYPE2 = 'DEC--TAN'
CRVAL1 = 56.500000
CRVAL2 = 23.750000
CRPIX1 = 2401.000000
CRPIX2 = 2400.500000
CDELT1 = -0.000625000
CDELT2 = 0.000625000
CROTA2 = 0.000000
EQUINOX = 2000.0
END
